nanum. ⁷, ΔΑΗ

553555. 82822228222222222822, 2222222882282228 222222,
’2822822282 88522 8822887 ,2225 2222222 5822822228, 5555

555 22222252 8222228522 ,222 82222288, ’2525,2222 2222 [2222222
Qssxlss? 555525

ἐζ 022222 2222252 28 [υ 272258θῖὔῖ 42714827) 77777 777ῗὲ '⁵‘ 77777777777777777 ἓῗῆξοὲῗῗ

2222225522828822222822222882822222 8882222888 22522222 2222822888
5222222822 Η25 5822228228 2222528822822222222222288
82228222 282228882οέ22 2222852222 2222222888 22228 ’22
5555555555155555555 5² ,5822222222 ,
(2222222222, 2Η88ἱω2252622, 222222,Ε22222222 555555555?
2522222582νὲ7 222225 222222 2222228222 555555 228822222282222 822

5 5555555552255555555 2222222225 22222252255522,

2822222222 82222222 22822828 ,2282225 822 555555555555 8888888888
8522222228222 [222222 55551555555553555555 2222252 225 [ d 882
2222222222222222 22822582 2525228225 ‘5’ 822222 5 82222222
555555 2222228222 555 22222 ,221222288222222852222852
2288822222εῆ5 22258225252825222255222222225182225
553555555555555555m555 35555555555355515m5551‘55
2222822228 282221228222222522222222 ..55555555555555555
55222228222222852228 882252 ,

532822222822222 ,2222222222 ,5282222222 ,2222252522 22
[28 222822222222 5852 2222222 8282 ,2222225 8222228252 222
2222528282222222822222222822222222 5555 22822828 222222
2282222822 matium 22282222 222828 2228222222,

572ὶ228252222222222 ,282282222282 225 ,2522282 ,5872225822

22522225 Ε2262222222222222282, 8222222858 25822. ,2222282222 sonim
8222252228222222822, ff 28228225527228 22222252· 555 [222 5555
5555555555'5 228222 ’822222822822 25222, 2222, {5355 50555555553
ffQbusurinaelimpz' ³555 2222 5555 2222222222 2228228825
,2222228882 52222 228 2522222222 225222, 822228 8222728 5555535535 22282 ³³55

nififi5555555fi 2222 82222222 ,2228282222 28222222 ,2222822222

 

