⁷ »44444
14419 3443441444

ε9434443944444333ἲ4441111441444144 55 [44414 444444 55 4944141444
5555555555555555 555555555555555555 3434944941, ,
5555 44443443944444414441443 43344- s 5‘5 11444144 44 4194
9441414944414394444444444 555555 1494994344 ,555 1343444433
555555555555555 5555555555555555 3444114444, 9449444 94444
3444444444, ,. ’ 4

55555555555555 3994143444 14111 344 1
[Γ944344394Ζι3444441 194444449434434 «· =
εὼ4334144444434434344141449444 · 11
5⁴55! 444144 34441 4444444144 4444434444 1 ·
555555555 555 [3444944344 ,444141 344 41134419 9444419 34444944 555

555¹ 555 5555 555555 934494494444444444149414,341494444134

9919999 9199 9939994113 25⁰ 199 Aa 3944491441,4; ,444 3441414494 3449944444
4443444444 3441444341 ‚ 2

99119311· 91314444 4494999444 3444 44344443494434439141 15, 5554*
55g55555g555155555mmgr5fc55 :2 ,

fA5'5'5 1449411 1944444944 [4344344939νὲ 4414341444 4444444444 14444 39444 5

1939433344349444344449994943,944434449434499441414
3444 4 4444, 555555

s {³555oequ 41444144 extrem 5555 4143944449 49344394414444343944 5555
5555 ,33344444 4394 4434944991 rat& 344444 [44341444 [44 [443494
9994919999144344934434444444444 ’43444344 ,14 4394443444444
[9444941444494334434494944444394 ·’
9944344134934344449444441344344941444994 44494144444434 ,amm

[4449449 3443 441444344ωῶ44 34343494944444444994 9443139149
4444444449444394349434143943 555

5505555'5555555555 94,1444344991444, 444434 3434439414
34944444 Ar [94 em 55 5 3 ,14141 34434419 5:555 ,34444 3444344419 4414194
9444449449 4349934999 ἒ [4439434344 5555 [44144 [4341414

Ῑ9

 

