Ε 1111111· ῑ ῑ ῐ LX

1111111111111111111111111111111111111111111ᾖε 1111111ἓ111
11111,111111111,·111111 11111111 1111111111 1111111111111111 11111 11111111
1111111111111111111111111 , .
63111111111111[11111111111111111111111111111111111111111111 1
11111111111111 11 11111111111111111111111111111111111111111
1111111111 1111111111 11111111 1111111 [111111111111111111111]
1111111111111111 ³ >v =
1131111111 1111111 11111 1111111111 murmure 1111111111 1111111111
111111 11111111,11111 11111 1111111111111111111111111111111 11111
111111 11111111 1111111111 11111111111111111111111111
1111111 1111111111111111111111111111111111 1111 1111111111 1111
11111111111111111111111111111111111111
1011111111111111111111 111111111111111111111111111111
11111, 11111111111111 1111111, 1111111.1111111111111111111111111
1111,11111111111111111111111111111111111111111111111βᾶ
11111111111111111111111111111111111111111,111111111111111111”11
1111111111111111111111111111111111111111111111111111
1111 1111111 111111111111111111ἓ11111111111111111,1111111111
1111111111 555 1111111111 111111111111111 11111111 11111 1111111 1111
111111 1111111111 1
1111111111 111 ’111111 1111111111 111111111111111111 1111111Μ
1111111 11111111111111111111 11,1111111111111111111111 1111111111
11111111111111111111111111,1111111111111111111111111111111111
1111111 111111111,ἓ111111111111111111 1111111111
1111111 111111111111111111111111111111 1111111611111111111111 ,η η
11111111111111111,
(11111111111111111111111111 111111111111191111111111
111111111111111111111111111111111
11111111 11111 111 111111 11111 11111 111 1111111111 &5555 01111111
operat 11111111 1111111111 ο11111111111ψ111111 11111111111111111111
1111111111·11111111111111111111111111111111ῥ μ ᾖ Χ, ’ .

 

