8‘ 9999999929999 (((- 9999)99999999 (8((Λ
9999 (388 (((88((8(8 9999999999999 9599 8 ((83Λὲ 9995 Λ
883( (((8 9 888( 999999 ((8( 99999999999 8 ((8 ((8 999999999
999995 5¹9³
29999999'999999 ((’ ((Λ(((((((8((((( 999999999 8ν( 8(
9399 *999999'9‘999999 9999 999 99999959‘99999999 888( ,3 999999999
59‘99999999'99'99959999{9999999999'9‘9999999999'99999999'99999999g9999999
3997999'999 8((8((((8(8(((((8(((( ((888( 8((8(’8(((((8(((88(Ζ(8
9999 9995999'9' 9999999 999'9'9959999‘5 (8(( {Ar
333 833 3 3 ch99999999 ((8(((((8((((Λ888(8(8(’((8((8 (8((88(((8(8(( 999
γ( 99999999 99 9999999 Λ3(8((Λ(( (8( ((((ι8(((8((((( v‘³9'59‘9999g9'9 ,
9999 ((8( 99999999'9999999999999 (8((88 (8(( ·
M9999999923199999959999999 9999999 (8888( ((((((8(((8((
(8888888(888έῦ((8(,ἓ8ἢ882(((ὶέ8888( >
95999'99931'99'99999999 [99999999999999 9999 ((8888 888888(
(8888888888 88888888 (888(88888888 9999 (8888( (888((3
((8888( 999 999 (8((88ο88((8(8((((8 (8(( Λ(Α((((( ((8( 99 99
. ((888( 8 39999 Γ8((((8(((88((’8 (8(( 888( 9999 9³9mm9999999
((888 (8888((8 999 8( 9 999 99999995 (8(( 99959999 (88( 8 8888(
88((((((( (8((8ν(88(8(((((88(88888(( 8888888( 888( (888( (8((
88881888( 888(ο888(8(8(88(8(888’88(8(((( 999999999 9999999999
99999993999 9999'9 99 (8(( (8(( ((88 8888888( {9999999
9999999999999999 ((83 9 8ιΛι( ((((((((88((((8(((83(8((((8(ν((8(
g999q999999999999999999 . · Δ
9999 9999 999999 9999999999 888888 999912999999999999999 (8((
19 3333 8888888( Γ(8”((’(((( 999999'999 (8((888888 fimi-9999 ((’(
3388 5355 (9T99999999999g999 ((8( (8( ((888 88(8((’(8(((((’(((8(88( (8(81(

((8888 9999999999999 88( 9999999939999'5 9999999‘ 8(8(((8((8ἑ(- (8( 99999'99995
(88 Α((ν8(((ο( (((((8(8((ἆ((8’8 (8(8( 88((8(8((((8((88 8888(
9999 (88 999999 ((8(-8( ((8( ((8( ((8( (((((8((((888(888Λ88((8( ,
(8888888888 ο((8(((8(8((8(8(((8((8((888(

 

