ΩΒᾸρΝΕῘέ ῐΧΧΠ

· ,4 441444444444444444 7777777
144 44414 44444144 1²77 4444 7777 7777777 777777777 44444444
44414414 44444 444414444444444444444444444441444 [2777. ·
4444114414

44444444 44448444444144444, 444114444414444141444ξ444414
77737777 n

4444144 4444 414444441444414444 ’44 444 777 4444414144 „7277'7

444 4414444141 4444444444444444444441444444144

14444 4444444444 44444144κὲ44 411444 4444441444 444444 44 4444444 4144144444 ¹⁷
1444144444 za. , ’ ’ Τ ¹,

εΓΡ4444114444444444444441444444444 44444141 4444444144 441 “”’ “
1414444141414431144144444144444444 44444441 ,1414444 141414

444 fbdAJAif 441444 4448444441 4444444444 4144414444 44444444
4444444144444 4444444441441444 4444144444ῑὲ 4414411414441144414 ·
&compl 441444 m 17777777777 4144444444 4414444444 4444444444
44414144441444444444404441444441444441444144444 44444

γ4111444444444444, 4444441 77777777071'7 4411414444411444

4444μ144144444444444 444444144441444Α4441444444444444441

41 Χ4444141441 ’14 Ἰ4144144444 7777 4414414 4444414 577 ,4141474114

14 441444 44444444 44414411 14414444 444414444444411444144444444144

 

