ekAmviz‘ 2

1131111111,331111111111111111131111111111111111111111
111111111111111111111113111311111111111 131311111111111113
111111 1113111111111111111133111111111111111111111111
1111111131ξ1 ’

1²3¹ b γ
1111111131111111 1131111 333111113131111111111111311 =

v· «1513111111 1111111ν Ι 11111111111131131111111 .

1111111111111131111 11111111 1111111 111113111111111
1131111111 8115 111 111111111113111111131111311
„ 13111111111110111113111111111111111311
11 1111111111 1113 1111111111 311 1111111111 1111111 11111111
31113111111111311111113111131113111131111111113111113311
1111131111111111111113311111 11111311111111111031111
131111111113113111111131111111 1131111111111111111
111131113111111 11111313 111111111111111111111111111111
1111111311111111111111111111111131111111
Ει8111111131111111111311311113111111111131131111111111 Qaeagantcy
31111111 1111111111 11 1111111111 11111111 rem perclysserm &gratssmss
31111111111111311131111111111311111131111111331311
1111111111 3111111111111111113111111311111111111Β1111111311
1311311111111111111311111111111131111111111111331111
11111111118111111111. ν, ,.
1151 3111111111 1131311111 excellentia 1311111111 5 1111 11311111
31 za 1111111133 1111111111 33 boc 11111111 1111111111 11111111,
-11111111111111113111111181113111111 cura 311113111311111111

 

