2 M FRACT‘VKR ’

555545555r⁹⁴s 7 47777 777777777777777 ,4 ·

ὁ ffCr 5 5 f 777 7777777777 77777777 7777777777.
{5555515555555553555{15555555555555555.
777777 ,77777 77777777 77774 7777777777,7Γ7777777777777 7777 7777777,
777777777777777777777 5 γ
5555555555535515 777Γ77 7777777777 77777 1555555351

2, 777777 777, 5555515555551555515555555555 777777777777771
[5555‘5155555‘555551555155555555 7777777774 7777777773,
ἡ, ¹ 555555555555135555555 5555555555553555555155
s 7777777747, 55551505555155515551555 , 2
εἴ 7777777777 777777 777777 7777777777 5555155555155155 ,77
7777 555 7777777777 7777777777 77777777777777777ῗ777777 ⁷. „
5Q55zamfit 7777777747 7777777777777777777 777777777777
. 777777777777777777777777777777777777777777 7777777777ιῇ7,
77777 77777777 ²
&55515555 77777 777777777777777 [77777777 155555 777777,
’ 777 774 7 7777, 777 777777777777777777777777,7 77 2515 7777777777,
777777 787, 5515 5055555055525ng 55855558555555
Τ777 7777777777 55555555555 5555551 7777 5 77777 plenum 77777 ’
7777Γ 5555,- 5355555555515555 55
5555555553555551555551551 555555 77 15555515552
''ml'' , 77777777 777777777777774777777 Γ7,747747777777777 4777777 7777777777,
77 7777 7747777777 7774774777
s& 777777 7777777777 77777777777777777774777777777 7777 77777777,

 

